,Words,Counts,Cluster
263,אני,156,0
186,אין,99,0
4418,מצורף,87,0
63,אבל,83,0
141,אחד,82,0
5706,שלא,80,0
1617,העורף,77,0
5675,שיש,76,0
5772,שמיעה,75,0
1225,ההודעה,69,0
6050,תודה,68,0
5891,שעון,68,0
2687,טוב,66,0
4730,נערכה,62,0
4691,נכון,61,0
5047,פיקוד,60,0
267,אנשים,56,0
1244,הוא,56,0
2792,יותר,53,0
297,אפשר,52,0
2196,ולא,50,0
5336,רטט,45,0
5166,צריך,45,0
1277,הזה,42,0
627,בכל,39,0
3504,למי,39,0
4268,ממש,38,0
135,אזעקה,38,0
1082,דרך,38,0
2951,כבר,38,0
2943,כאן,37,0
1767,הרווחה,37,0
1117,האם,37,0
3700,לקבל,37,0
5556,שזה,37,0
3025,כמו,36,0
6194,תקשורת,35,0
2955,כדי,35,0
2628,חכם,34,0
515,בזמן,33,0
3024,כמה,33,0
1357,היה,32,0
3822,מאוד,32,0
1353,היא,32,0
338,אתה,32,0
1834,השעון,32,0
1907,התראה,31,0
4916,עידו,31,0
4708,נמחקה,30,0
3696,לקבוצה,30,0
3244,להיות,30,0
5279,קשר,30,0
5232,קישור,30,0
5893,שעונים,29,0
1360,היום,28,0
177,איך,28,0
2022,וגם,28,0
287,אפליקציה,28,0
3642,לעשות,27,0
2502,זאת,27,0
4688,ניתן,27,0
4547,מתאים,27,0
378,באמצעות,26,0
1310,החזר,26,0
3661,לפני,26,0
2118,וזה,26,0
1401,הכל,26,0
2823,יכול,26,0
416,בבקשה,25,0
332,אשמח,25,0
4498,משהו,25,0
3253,להם,25,0
5725,שלך,25,0
1125,האפליקציה,24,0
4894,עוד,24,0
165,איזה,24,0
595,בין,24,0
3651,לפי,24,0
4439,מקבל,23,0
3460,לכל,23,0
4036,מול,23,0
1762,הרבה,23,0
1396,הכי,22,0
161,אחת,22,0
5077,פעם,22,0
5713,שלו,22,0
2626,חירשים,22,0
1291,הזמן,21,0
1835,השעונים,21,0
1019,דבר,21,0
424,בגלל,21,0
430,בדיוק,21,0
3561,לנו,21,0
4887,עובד,21,0
4325,מספר,21,0
5590,שיאומי,20,0
220,אלא,20,0
3487,למה,20,0
5505,שהם,20,0
136,אזעקות,20,0
3474,ללא,20,0
3660,לפנות,20,0
628,בכלל,19,0
644,בלי,19,0
5327,רוצה,19,0
5484,שהוא,19,0
261,אנחנו,19,0
5715,שלום,19,0
2630,חכמים,19,0
2718,טלפון,19,0
3820,מאד,19,0
1908,התראות,19,0
4151,מידע,18,0
828,בפרטי,18,0
5712,שלהם,18,0
120,אותו,18,0
1942,ואם,18,0
5606,שיהיה,18,0
5721,שלי,18,0
507,בוקר,18,0
3357,לזה,18,0
5854,שנים,18,0
5696,שכל,18,0
6132,תמיד,18,0
59,אביב,18,0
4868,עבור,17,0
2764,יהיה,17,0
1022,דברים,17,0
5389,שאין,17,0
94,אולי,17,0
2971,כולם,17,0
150,אחר,17,0
3718,לקנות,16,0
313,אקטיב,16,0
2777,יום,16,0
776,בעיה,16,0
3199,לדעת,16,0
1171,הבנתי,16,0
6116,תלוי,16,0
2688,טובה,16,0
5328,רוצים,16,0
3096,כתוביות,16,0
5537,שוב,16,0
3172,לגבי,16,0
3453,לכולם,16,0
352,באופן,16,0
288,אפליקציות,16,0
1347,הטלפון,16,0
703,במקום,15,0
5814,שמש,15,0
4010,מוגבלות,15,0
299,אפשרות,15,0
5162,צפירה,15,0
2189,וכל,15,0
381,באמת,15,0
4943,עכשיו,15,0
76,אדם,15,0
5110,פשוט,15,0
636,בלבד,15,0
842,בקבוצה,15,0
2769,יודע,15,0
73,אדום,15,0
6043,תהיה,14,0
3777,לשמוע,14,0
4759,נראה,14,0
199,איפה,14,0
5408,שאני,14,0
5415,שאפשר,14,0
1915,התרעה,14,0
3215,להגדיר,14,0
2954,כדאי,14,0
3057,כרית,14,0
5668,שירות,14,0
3556,למשרד,14,0
3462,לכם,14,0
160,אחרת,14,0
883,ברור,14,0
2677,חשוב,14,0
4535,משרד,13,0
156,אחרי,13,0
3002,ככה,13,0
1494,המספר,13,0
5396,שאלה,13,0
2179,וכבדי,13,0
2174,ויש,13,0
1023,דגם,13,0
5288,ראש,13,0
2970,כולל,13,0
5733,שלנו,13,0
2536,זמן,13,0
1415,הכתוביות,13,0
1248,הודעה,13,0
698,במצב,13,0
5255,קצת,12,0
1725,הקבוצה,12,0
1126,האפליקציות,12,0
5135,צורך,12,0
3554,למשל,12,0
4372,מענה,12,0
5152,צמיד,12,0
1922,ואז,12,0
5545,שום,12,0
67,אגודת,12,0
2635,חלוקת,12,0
1258,הוט,12,0
159,אחרים,12,0
1504,המצב,12,0
125,אותם,12,0
4319,מספיק,12,0
2639,חלק,12,0
2996,כיתוביות,12,0
1951,ואני,12,0
2946,כבדי,12,0
4447,מקום,12,0
5942,שקל,12,0
4207,מכיר,12,0
2983,כזה,11,0
2603,חיבור,11,0
176,אייפון,11,0
3008,כלום,11,0
5275,קשור,11,0
725,בנושא,11,0
2645,חלש,11,0
5191,קודם,11,0
4878,עדיין,11,0
1095,האזעקה,11,0
1249,הודעות,11,0
4908,עושה,11,0
1481,המלחמה,11,0
2597,חזק,11,0
178,איכות,11,0
4972,עניין,11,0
3770,לשלוח,11,0
1123,האנשים,11,0
4406,מצב,11,0
5318,רווחה,11,0
808,בערוץ,11,0
3341,להתראות,11,0
1046,דיבור,11,0
2672,חרשים,11,0
5306,רגיל,11,0
342,אתמול,10,0
4354,מעולה,10,0
5154,צמידים,10,0
386,באפליקציה,10,0
2751,ידוע,10,0
3133,לאנשים,10,0
5919,שפיר,10,0
4661,נושא,10,0
3128,לאייפון,10,0
3425,ליהי,10,0
2917,ישראל,10,0
208,אישית,10,0
3200,לדעתי,10,0
306,אצלי,10,0
2561,חדש,10,0
121,אותי,10,0
250,אמרו,10,0
5422,שאתה,10,0
2547,חבל,10,0
3210,להבין,10,0
3045,כנראה,10,0
1278,הזו,10,0
3532,למספר,10,0
2973,כומתה,10,0
2576,חולים,10,0
5118,פתרון,10,0
231,אליכם,10,0
1829,השמיעה,10,0
175,אייל,10,0
5122,צבע,10,0
1469,המידע,10,0
4119,מחלקים,10,0
